n = [1 10 100 500 1000 2000 4000 8000];
y = [2 2.5937 2.7048 2.7156 2.769 2.7176 2.7179 2.7181];
Error= y-exp(1)
